region:WorldLarge
percentageDemand:1.0
service:ABX
numOfPorts:11
ports:CNSHA,CNNGB,CNNSA,CNDCB,MYPKG,LKCMB,ZADUR,NGLOS,GHTEM,BJCOO,CNSHA
timeWindowStart:0.0,28.76,91.36,111.61,59.69,8.63,81.28,164.61,68.61,152.75,0.0
timeWindowEnd:24.0,47.76,110.36,126.61,83.69,36.63,129.28,236.61,140.61,200.75,24.0
fixedSailingCost:0 10067.4 99130.05 96867.0 301937.4 470524.05 865542.6 1346620.5 1354276.8 1265277.6 0,10067.4 0 92214.0 89802.9 291806.55 461979.45 912453.3 1335960.9 1343067.3 1337906.7 10067.4,100864.35 93419.55 0 2643.75 215158.95 383661.0 836038.35 1262676.15 1270311.3 1265510.25 100864.35,98685.9 91241.1 2643.75 0 213784.2 382286.25 834663.6 1261301.4 1268936.55 1264135.5 98685.9,301937.4 285736.5 206931.6 207058.5 0 196568.1 632998.35 1048468.95 1055533.05 986457.15 301937.4,470524.05 459631.8 378796.5 378902.25 196568.1 0 449754.75 884260.35 891641.7 861418.35 470524.05,865542.6 887665.5 808881.75 808987.5 632998.35 449754.75 0 430042.95 437022.45 413545.95 865542.6,1341734.85 1334290.05 1253454.75 1253560.5 1044767.7 889822.8 436070.7 0 25676.1 6937.2 1341734.85,1346324.4 1333317.15 1256796.45 1256627.25 1049864.85 894285.45 440977.5 28066.05 0 20705.85 1346324.4,1265277.6 1336024.35 1255189.05 1255294.8 986457.15 861418.35 413545.95 6937.2 20050.2 0 1265277.6,0 10067.4 99130.05 96867.0 301937.4 470524.05 865542.6 1346620.5 1354276.8 1265277.6 0
sailingTime:0 4.76 46.87 45.8 142.76 222.47 409.24 636.7 640.32 598.24 0,4.76 0 43.6 42.46 137.97 218.43 431.42 631.66 635.02 632.58 4.76,47.69 44.17 0 1.25 101.73 181.4 395.29 597.01 600.62 598.35 47.69,46.66 43.14 1.25 0 101.08 180.75 394.64 596.36 599.97 597.7 46.66,142.76 135.1 97.84 97.9 0 92.94 299.29 495.73 499.07 466.41 142.76,222.47 217.32 179.1 179.15 92.94 0 212.65 418.09 421.58 407.29 222.47,409.24 419.7 382.45 382.5 299.29 212.65 0 203.33 206.63 195.53 409.24,634.39 630.87 592.65 592.7 493.98 420.72 206.18 0 12.14 3.28 634.39,636.56 630.41 594.23 594.15 496.39 422.83 208.5 13.27 0 9.79 636.56,598.24 631.69 593.47 593.52 466.41 407.29 195.53 3.28 9.48 0 598.24,0 4.76 46.87 45.8 142.76 222.47 409.24 636.7 640.32 598.24 0
numOfDemands:22
demands:d1,d2,d3,d4,d5,d6,d7,d8,d9,d10,d11,d12,d13,d14,d15,d16,d17,d18,d19,d20,d21,d22
demandSource:10,10,1,1,1,1,9,9,9,9,6,6,6,6,6,5,5,5,7,7,7,7
demandDestination:1,6,10,9,6,7,1,6,5,7,10,1,9,5,7,9,6,7,1,9,6,5
demandAmount:134,82,900,1704,1074,2806,348,70,24,12,94,216,48,18,576,98,8,22,1432,154,214,20
demandRevenue:1405.23,2110.67,3156.85,3665.85,1282.65,2644.95,1484.97,2350.50,1613.89,1988.33333333,2457.92,792.60,2570.67,346.666666667,1601.43,2665.95,1040.00,1896.90,1174.65,1373.41,1257.11,827.50
demandTransitTime:1056,1176,936,960,336,504,984,840,984,480,936,312,1008,192,360,864,336,456,648,336,600,480
capacity:15000
charterCost:385000.0
random:0
region_file:Sample_Data/lss_instances/src/Demand_WorldLarge.csv
region_fleet_file:Sample_Data/lss_instances/src/fleet_WorldLarge.csv
destination_path:Sample_Data/lss_instances/industrial
prefix:lss
general_fleet_file:Sample_Data/fleet_data.csv
distance_matrix:Sample_Data/dist_dense.csv
additional_distance_matrix:Sample_Data/distances.csv
use_real_world:True
use_additional_demand:False
real_world_source:Sample_Data/lss_instances/industrial/src/nobutterfly/tight/fwax.csv
additional_demand_file:Sample_Data/generated_demands.csv
fix_fixedCostPerHour:400
fix_timeWindowLength:20
flag_subsetOfDemands:True
vesselClass:Super_panamax
designSpeed:17.0
designConsumption:126.9
demand_variation:h
transittime_variation:('nbtight', 1.0)
shuffled_time_windows:False
fix_variation:[1.0]
file:fwax.csv
fix_numberOfInstancesPerScenario:1
seed:fwax.csv