region:WorldLarge
percentageDemand:1.0
service:ABX
numOfPorts:11
ports:HKHKG,CNYTN,TWKHH,CNSHA,KRPUS,MXZLO,PAPCN,USSAV,USCHS,USILM,HKHKG
timeWindowStart:0.0,7.95,39.36,82.65,124.53,47.66,156.28,97.17,126.88,151.62,0.0
timeWindowEnd:7.0,18.95,47.36,95.65,135.53,51.66,169.28,121.17,142.88,166.62,7.0
fixedSailingCost:0 2009.25 42553.8 102514.05 142318.35 988085.7 1233298.8 1347762.6 1347128.1 1356709.05 0,613.35 0 43167.15 103127.4 142952.85 992759.85 1226023.2 1348375.95 1347762.6 1357322.4 613.35,42553.8 43167.15 0 74638.35 123177.6 948746.7 1182898.35 1325851.2 1325237.85 1334818.8 42553.8,102514.05 103127.4 74638.35 0 61081.2 911543.85 1153224.9 1271622.6 1270988.1 1280569.05 102514.05,142318.35 142952.85 123177.6 61081.2 0 880114.95 1124249.4 1211895.0 1211281.65 1220862.6 142318.35,1009278.0 1009256.85 969621.75 979837.2 950819.4 0 221271.3 424840.05 428647.05 432707.85 1009278.0,1266039.0 1266017.85 1225008.0 1207855.35 1179768.15 224845.65 0 202807.35 203780.25 209173.5 1266039.0,1347762.6 1348375.95 1325851.2 1271622.6 1211895.0 424966.95 201580.65 0 12076.65 132377.85 1347762.6,1347128.1 1347762.6 1325237.85 1270988.1 1211281.65 433003.95 204160.95 12076.65 0 18485.1 1347128.1,1356709.05 1357322.4 1334818.8 1280569.05 1220862.6 436832.1 213424.65 25570.35 132864.3 0 1356709.05,0 2009.25 42553.8 102514.05 142318.35 988085.7 1233298.8 1347762.6 1347128.1 1356709.05 0
sailingTime:0 0.95 20.12 48.47 67.29 467.18 583.12 637.24 636.94 641.47 0,0.29 0 20.41 48.76 67.59 469.39 579.68 637.53 637.24 641.76 0.29,20.12 20.41 0 35.29 58.24 448.58 559.29 626.88 626.59 631.12 20.12,48.47 48.76 35.29 0 28.88 430.99 545.26 601.24 600.94 605.47 48.47,67.29 67.59 58.24 28.88 0 416.13 531.56 573.0 572.71 577.24 67.29,477.2 477.19 458.45 463.28 449.56 0 104.62 200.87 202.67 204.59 477.2,598.6 598.59 579.2 571.09 557.81 106.31 0 95.89 96.35 98.9 598.6,637.24 637.53 626.88 601.24 573.0 200.93 95.31 0 5.71 62.59 637.24,636.94 637.24 626.59 600.94 572.71 204.73 96.53 5.71 0 8.74 636.94,641.47 641.76 631.12 605.47 577.24 206.54 100.91 12.09 62.82 0 641.47,0 0.95 20.12 48.47 67.29 467.18 583.12 637.24 636.94 641.47 0
numOfDemands:37
demands:d1,d2,d3,d4,d5,d6,d7,d8,d9,d10,d11,d12,d13,d14,d15,d16,d17,d18,d19,d20,d21,d22,d23,d24,d25,d26,d27,d28,d29,d30,d31,d32,d33,d34,d35,d36,d37
demandSource:4,4,4,4,4,2,2,2,1,1,1,5,5,5,6,6,6,6,7,7,7,7,7,7,7,7,3,3,3,10,10,10,10,10,10,8,8
demandDestination:6,7,9,10,8,6,7,10,6,7,10,6,7,10,4,1,5,3,4,2,1,5,3,9,10,8,6,7,10,4,2,1,5,7,3,4,7
demandAmount:149,512,238,1862,202,166,115,3329,41,209,960,98,245,410,14,39,45,4,66,6,167,64,28,6,18,5,7,64,375,987,125,744,859,23,293,137,46
demandRevenue:1680,3729.5112782,2268.70,1814.06729342,2290.13,1540,4064.40366972,1805.95,1560,3927.44855967,1753.03,1350,2946.08695652,1458.23,980,1230,1200,1440,1638.30985915,1775.0,2643.59756098,1778.82352941,2789.44444444,1670,1843.0,1704.0,1460,3515.35211268,1665.17,1248.59848485,1220.42,1377.64,1189.67,2255.41666667,1462.35,1469.44,2193.47826087
demandTransitTime:504,744,960,264,888,576,624,264,600,720,216,432,648,144,648,768,792,864,792,768,912,696,816,240,672,144,648,840,384,504,552,432,312,384,384,1008,312
capacity:15000
charterCost:385000.0
random:0
region_file:Sample_Data/lss_instances/src/Demand_WorldLarge.csv
region_fleet_file:Sample_Data/lss_instances/src/fleet_WorldLarge.csv
destination_path:Sample_Data/lss_instances/industrial
prefix:lss
general_fleet_file:Sample_Data/fleet_data.csv
distance_matrix:Sample_Data/dist_dense.csv
additional_distance_matrix:Sample_Data/distances.csv
use_real_world:True
use_additional_demand:False
real_world_source:Sample_Data/lss_instances/industrial/src/nobutterfly/tight/awe3.csv
additional_demand_file:Sample_Data/generated_demands.csv
fix_fixedCostPerHour:400
fix_timeWindowLength:20
flag_subsetOfDemands:True
vesselClass:Super_panamax
designSpeed:17.0
designConsumption:126.9
demand_variation:h
transittime_variation:('nbtight', 1.0)
shuffled_time_windows:False
fix_variation:[1.0]
file:awe3.csv
fix_numberOfInstancesPerScenario:1
seed:awe3.csv