region:WorldLarge
percentageDemand:1.0
service:ABX
numOfPorts:12
ports:CNNGB,CNSHA,CNXMN,HKHKG,CNYTN,MYPKG,GBSOU,DEHAM,NLRTM,BEZEE,FRLEH,CNNGB
timeWindowStart:60.0,102.0,5.0,40.0,86.0,16.0,5.0,63.0,151.0,20.0,54.0,60.0
timeWindowEnd:87.0,138.0,21.0,56.0,100.0,38.0,28.0,95.0,174.0,35.0,70.0,87.0
fixedSailingCost:0 10067.4 55645.65 87138.0 86630.4 291806.55 1300238.55 1405544.4 1327966.2 1319823.45 1303559.1 0,10067.4 0 75019.05 102514.05 103127.4 301937.4 1281436.2 1341163.8 1308931.2 1300978.8 1283931.9 10067.4,55116.9 75019.05 0 36081.9 36695.25 232523.1 1212021.9 1271728.35 1239516.9 1231543.35 1214517.6 55116.9,87074.55 102514.05 36081.9 0 2009.25 207396.9 1186895.7 1246602.15 1214390.7 1206417.15 1189370.25 87074.55,85023.0 103127.4 36695.25 613.35 0 208010.25 1187509.05 1247236.65 1215004.05 1207051.65 1190004.75 85023.0,285736.5 301937.4 232523.1 207396.9 208010.25 0 984722.85 1044429.3 1012217.85 1004244.3 987197.4 285736.5,1286766.0 1281436.2 1212021.9 1186895.7 1187509.05 984722.85 0 64951.65 32465.25 24512.85 13070.7 1286766.0,1394377.2 1341163.8 1271728.35 1246602.15 1247236.65 1044429.3 64951.65 0 38196.9 42553.8 63576.9 1394377.2,1309925.25 1308931.2 1239516.9 1214390.7 1215004.05 1012217.85 32465.25 38196.9 0 9073.35 31111.65 1309925.25,1306520.1 1300978.8 1231543.35 1206417.15 1207051.65 1004244.3 24512.85 42553.8 9073.35 0 23138.1 1306520.1,1284418.35 1283931.9 1214517.6 1189370.25 1190004.75 987197.4 13070.7 63576.9 31111.65 23138.1 0 1284418.35,0 10067.4 55645.65 87138.0 86630.4 291806.55 1300238.55 1405544.4 1327966.2 1319823.45 1303559.1 0
sailingTime:0 4.76 26.31 41.2 40.96 137.97 614.77 664.56 627.88 624.03 616.34 0,4.76 0 35.47 48.47 48.76 142.76 605.88 634.12 618.88 615.12 607.06 4.76,26.06 35.47 0 17.06 17.35 109.94 573.06 601.29 586.06 582.29 574.24 26.06,41.17 48.47 17.06 0 0.95 98.06 561.18 589.41 574.18 570.41 562.35 41.17,40.2 48.76 17.35 0.29 0 98.35 561.47 589.71 574.47 570.71 562.65 40.2,135.1 142.76 109.94 98.06 98.35 0 465.59 493.82 478.59 474.82 466.76 135.1,608.4 605.88 573.06 561.18 561.47 465.59 0 30.71 15.35 11.59 6.18 608.4,659.28 634.12 601.29 589.41 589.71 493.82 30.71 0 18.06 20.12 30.06 659.28,619.35 618.88 586.06 574.18 574.47 478.59 15.35 18.06 0 4.29 14.71 619.35,617.74 615.12 582.29 570.41 570.71 474.82 11.59 20.12 4.29 0 10.94 617.74,607.29 607.06 574.24 562.35 562.65 466.76 6.18 30.06 14.71 10.94 0 607.29,0 4.76 26.31 41.2 40.96 137.97 614.77 664.56 627.88 624.03 616.34 0
numOfDemands:18
demands:d1,d2,d3,d4,d5,d6,d7,d8,d9,d10,d11,d12,d13,d14,d15,d16,d17,d18
demandSource:10,2,2,2,2,2,3,5,8,11,7,4,6,9,9,9,9,9
demandDestination:2,10,8,11,7,9,9,9,2,2,2,9,9,2,3,5,4,6
demandAmount:48,338,362,154,350,5630,695,2743,113,66,153,1078,131,1850,221,103,674,162
demandRevenue:897.82,2913.90,3004.53,3133.93,3084.15,3061.08,3158.29,3211.09,980.91,1068.05,892.11,2788.06,2744.43,982.33,1035.93,993.57,959.34,943.77
demandTransitTime:648,840,1008,768,672,768,768,720,888,792,696,768,672,768,792,792,864,744
capacity:15000
charterCost:385000.0
random:0
region_file:Sample_Data/lss_instances/src/Demand_WorldLarge.csv
region_fleet_file:Sample_Data/lss_instances/src/fleet_WorldLarge.csv
destination_path:Sample_Data/lss_instances/industrial
prefix:lss
general_fleet_file:Sample_Data/fleet_data.csv
distance_matrix:Sample_Data/dist_dense.csv
additional_distance_matrix:Sample_Data/distances.csv
use_real_world:True
use_additional_demand:False
real_world_source:Sample_Data/lss_instances/industrial/src/nobutterfly/fal1.csv
additional_demand_file:Sample_Data/generated_demands.csv
fix_fixedCostPerHour:400
fix_timeWindowLength:20
flag_subsetOfDemands:True
vesselClass:Super_panamax
designSpeed:17.0
designConsumption:126.9
demand_variation:h
transittime_variation:('nbcfeas', 1.0)
shuffled_time_windows:False
fix_variation:[1.0]
file:fal1.csv
fix_numberOfInstancesPerScenario:1
seed:fal1.csv