region:WorldLarge
percentageDemand:1.0
service:ABX
numOfPorts:10
ports:CNSHA,CNNGB,HKHKG,CNNSA,SGSIN,NGLOS,GHTEM,TGLFW,CIABJ,CNSHA
timeWindowStart:0.0,16.76,75.96,86.53,19.75,37.52,109.66,6.2,110.23,0.0
timeWindowEnd:12.0,34.76,83.96,98.53,33.75,97.52,169.66,89.7,137.23,12.0
fixedSailingCost:0 10067.4 102514.05 99130.05 274569.3 1346620.5 1354276.8 1274097.15 1284185.7 0,10067.4 0 87138.0 92214.0 268224.3 1335960.9 1343067.3 1342136.7 1352838.6 10067.4,102514.05 87074.55 0 5435.55 180028.8 1259990.1 1267625.25 1183532.85 1193600.25 102514.05,100864.35 93419.55 5435.55 0 188700.3 1262676.15 1270311.3 1269338.4 1280780.55 100864.35,274569.3 263359.8 180028.8 183074.4 0 1073933.55 1078205.85 1020297.15 1030385.7 274569.3,1341734.85 1334290.05 1253518.2 1253454.75 1066975.2 0 25676.1 17871.75 57464.55 1341734.85,1346324.4 1333317.15 1256881.05 1256796.45 1071987.75 28066.05 0 9602.1 33586.2 1346324.4,1274097.15 1336637.7 1183532.85 1255823.55 1020297.15 19267.65 9602.1 0 43420.95 1274097.15,1284185.7 1341481.05 1193600.25 1267159.95 1030385.7 61673.4 33586.2 43420.95 0 1284185.7,0 10067.4 102514.05 99130.05 274569.3 1346620.5 1354276.8 1274097.15 1284185.7 0
sailingTime:0 4.76 48.47 46.87 129.82 636.7 640.32 602.41 607.18 0,4.76 0 41.2 43.6 126.82 631.66 635.02 634.58 639.64 4.76,48.47 41.17 0 2.57 85.12 595.74 599.35 559.59 564.35 48.47,47.69 44.17 2.57 0 89.22 597.01 600.62 600.16 605.57 47.69,129.82 124.52 85.12 86.56 0 507.77 509.79 482.41 487.18 129.82,634.39 630.87 592.68 592.65 504.48 0 12.14 8.45 27.17 634.39,636.56 630.41 594.27 594.23 506.85 13.27 0 4.54 15.88 636.56,602.41 631.98 559.59 593.77 482.41 9.11 4.54 0 20.53 602.41,607.18 634.27 564.35 599.13 487.18 29.16 15.88 20.53 0 607.18,0 4.76 48.47 46.87 129.82 636.7 640.32 602.41 607.18 0
numOfDemands:19
demands:d1,d2,d3,d4,d5,d6,d7,d8,d9,d10,d11,d12,d13,d14,d15,d16,d17,d18,d19
demandSource:9,9,1,1,1,1,7,7,7,3,3,6,6,6,6,5,5,8,8
demandDestination:1,6,9,7,6,8,1,3,5,7,6,1,3,5,8,7,6,1,6
demandAmount:322,34,330,1496,14,548,280,72,6,762,30,30,10,8,4,182,8,158,14
demandRevenue:1771.36645963,2460,3783.43,3689.73,1250,3464.19,1471.05,1512.11,1504.29,3457.30,1430,520,460,280,2630,2574.71,1100,1439.17,2230
demandTransitTime:1032,480,864,984,800,816,1032,1032,1032,960,675,800,675,600,528,912,600,1152,312
capacity:15000.0
charterCost:385000.0
random:0
region_file:Sample_Data/lss_instances/src/Demand_WorldLarge.csv
region_fleet_file:Sample_Data/lss_instances/src/fleet_WorldLarge.csv
destination_path:Sample_Data/lss_instances/industrial
prefix:lss
general_fleet_file:Sample_Data/fleet_data.csv
distance_matrix:Sample_Data/dist_dense.csv
additional_distance_matrix:Sample_Data/distances.csv
use_real_world:True
use_additional_demand:False
real_world_source:Sample_Data/lss_instances/industrial/src/nobutterfly/tight/fwas.csv
additional_demand_file:Sample_Data/generated_demands.csv
fix_fixedCostPerHour:400
fix_timeWindowLength:20
flag_subsetOfDemands:True
vesselClass:Super_panamax
designSpeed:17.0
designConsumption:126.9
demand_variation:h
transittime_variation:('nbtight', 1.0)
shuffled_time_windows:False
fix_variation:[1.0]
file:fwas.csv
fix_numberOfInstancesPerScenario:1
seed:fwas.csv
