region:WorldLarge
percentageDemand:1.0
service:ABX
numOfPorts:12
ports:CNTAO,KRKAN,KRPUS,CNSHA,CNYTN,SGSIN,EGSUZ,ESALG,DEHAM,NLRTM,FRLEH,CNTAO
timeWindowStart:134.0,24.0,49.0,103.0,13.0,113.0,97.0,67.0,23.0,95.0,150.0,134.0
timeWindowEnd:154.0,39.0,72.0,127.0,27.0,135.0,115.0,82.0,63.0,128.0,174.0,154.0
fixedSailingCost:0 52388.55 61842.6 49892.85 139970.7 306801.9 950142.6 1169341.2 1373375.25 1341163.8 1316143.35 0,51457.95 0 9009.9 48073.95 133794.9 316700.1 958095.0 1206417.15 1453999.05 1376442.0 1352013.75 51457.95,61842.6 9009.9 0 61081.2 142952.85 311285.7 963763.2 1173825.0 1377859.05 1345647.6 1320627.15 61842.6,49892.85 50865.75 61081.2 0 103127.4 274569.3 914251.05 1137129.75 1341163.8 1308931.2 1283931.9 49892.85,139970.7 135127.35 142952.85 103127.4 0 180642.15 821804.4 1043202.6 1247236.65 1215004.05 1190004.75 139970.7,306801.9 309191.85 311285.7 274569.3 180642.15 0 639660.6 862539.3 1066573.35 1034361.9 1009362.6 306801.9,944982.0 946018.35 955451.25 905494.95 820239.3 635028.75 0 252298.35 505506.15 421159.95 397620.0 944982.0,1169341.2 1196074.8 1173825.0 1137129.75 1043202.6 862539.3 246947.4 0 204774.3 172562.85 147542.4 1169341.2,1373375.25 1444481.55 1377859.05 1341163.8 1247236.65 1066573.35 499351.5 204774.3 0 38196.9 63576.9 1373375.25,1341163.8 1356857.1 1345647.6 1308931.2 1215004.05 1034361.9 414899.55 172562.85 38196.9 0 31111.65 1341163.8,1316143.35 1334522.7 1320627.15 1283931.9 1190004.75 1009362.6 392099.85 147542.4 63576.9 31111.65 0 1316143.35,0 52388.55 61842.6 49892.85 139970.7 306801.9 950142.6 1169341.2 1373375.25 1341163.8 1316143.35 0
sailingTime:0 24.77 29.24 23.59 66.18 145.06 449.24 552.88 649.35 634.12 622.29 0,24.33 0 4.26 22.73 63.26 149.74 453.0 570.41 687.47 650.8 639.25 24.33,29.24 4.26 0 28.88 67.59 147.18 455.68 555.0 651.47 636.24 624.41 29.24,23.59 24.05 28.88 0 48.76 129.82 432.27 537.65 634.12 618.88 607.06 23.59,66.18 63.89 67.59 48.76 0 85.41 388.56 493.24 589.71 574.47 562.65 66.18,145.06 146.19 147.18 129.82 85.41 0 302.44 407.82 504.29 489.06 477.24 145.06,446.8 447.29 451.75 428.13 387.82 300.25 0 119.29 239.01 199.13 188.0 446.8,552.88 565.52 555.0 537.65 493.24 407.82 116.76 0 96.82 81.59 69.76 552.88,649.35 682.97 651.47 634.12 589.71 504.29 236.1 96.82 0 18.06 30.06 649.35,634.12 641.54 636.24 618.88 574.47 489.06 196.17 81.59 18.06 0 14.71 634.12,622.29 630.98 624.41 607.06 562.65 477.24 185.39 69.76 30.06 14.71 0 622.29,0 24.77 29.24 23.59 66.18 145.06 449.24 552.88 649.35 634.12 622.29 0
numOfDemands:29
demands:d1,d2,d3,d4,d5,d6,d7,d8,d9,d10,d11,d12,d13,d14,d15,d16,d17,d18,d19,d20,d21,d22,d23,d24,d25,d26,d27,d28,d29
demandSource:4,4,4,4,4,1,1,5,5,9,9,7,7,7,7,7,8,8,11,3,3,10,10,10,10,10,10,6,6
demandDestination:9,7,8,11,10,7,10,7,10,4,7,4,8,3,10,6,4,7,4,7,10,4,1,5,7,3,6,7,10
demandAmount:295,188,125,168,4247,11,583,67,2158,100,2,35,3,3,7,9,58,7,40,97,750,1339,73,77,39,282,89,53,120
demandRevenue:2996.86,2946.66666667,2946.80,3006.75,3061.08,3478.0,3085.53,2889.32692308,3211.09,950.62,850.0,770.222222222,406.0,1083.33333333,920.0,1107.27272727,983.52,464.615384615,1063.29,3518.57142857,3996.80,982.33,881.52,993.57,844.411764706,1104.98,949.26,2816.61538462,2752.16
demandTransitTime:984,816,696,744,768,888,912,1464,720,816,528,720,144,840,312,504,744,168,792,624,984,768,1008,792,312,864,648,552,648
capacity:15000
charterCost:385000.0
random:0
region_file:Sample_Data/lss_instances/src/Demand_WorldLarge.csv
region_fleet_file:Sample_Data/lss_instances/src/fleet_WorldLarge.csv
destination_path:Sample_Data/lss_instances/industrial
prefix:lss
general_fleet_file:Sample_Data/fleet_data.csv
distance_matrix:Sample_Data/dist_dense.csv
additional_distance_matrix:Sample_Data/distances.csv
use_real_world:True
use_additional_demand:False
real_world_source:Sample_Data/lss_instances/industrial/src/nobutterfly/ne6.csv
additional_demand_file:Sample_Data/generated_demands.csv
fix_fixedCostPerHour:400
fix_timeWindowLength:20
flag_subsetOfDemands:True
vesselClass:Super_panamax
designSpeed:17.0
designConsumption:126.9
demand_variation:h
transittime_variation:('nbcfeas', 1.0)
shuffled_time_windows:False
fix_variation:[1.0]
file:ne6.csv
fix_numberOfInstancesPerScenario:1
seed:ne6.csv