region:WorldLarge
percentageDemand:1.0
service:ABX
numOfPorts:14
ports:CNXMN,CNNGB,CNSHA,TWKHH,CNYTN,SGSIN,EGSUZ,EGPSD,ILASH,ITGOA,ESBCN,FRFOS,HKHKG,CNXMN
timeWindowStart:0.0,46.06,65.82,128.11,161.52,114.93,96.37,112.61,135.2,93.44,159.38,30.09,158.8,0.0
timeWindowEnd:20.0,61.06,92.82,141.11,197.52,129.93,112.37,126.61,171.2,138.44,187.38,67.09,178.8,20.0
fixedSailingCost:0 55116.9 75019.05 32571.0 36695.25 205155.0 850906.8 825463.35 843631.2 1005365.25 1027022.85 1019430.0 36081.9 0,55645.65 0 10067.4 59452.65 86630.4 268224.3 909640.35 909365.4 917952.3 1092672.45 1121774.85 1107223.65 87138.0 55645.65,75019.05 10067.4 0 74638.35 103127.4 274569.3 914251.05 894898.8 913066.65 1074800.7 1096437.15 1088844.3 102514.05 75019.05,64951.65 61800.3 74638.35 0 43167.15 207016.2 841304.7 827345.7 845492.4 1007247.6 1028884.05 1021291.2 42553.8 64951.65,36695.25 85023.0 103127.4 43167.15 0 180642.15 821804.4 800971.65 819118.35 980852.4 1002510.0 994917.15 613.35 36695.25,205155.0 263359.8 274569.3 207016.2 180642.15 0 639660.6 620308.35 638476.2 800210.25 821867.85 814275.0 180028.8 205155.0,844244.55 898303.95 905494.95 839718.45 820239.3 635028.75 0 507.6 16095.15 183983.85 216449.1 199423.35 817701.3 844244.55,825463.35 900863.1 894898.8 827345.7 800971.65 620308.35 507.6 0 18167.85 179901.9 201538.35 193966.65 800337.15 825463.35,843631.2 895216.05 913066.65 845492.4 819118.35 638476.2 17068.05 18167.85 0 190857.6 209131.2 207143.1 818505.0 843631.2,1005365.25 1076154.3 1074800.7 1007247.6 980852.4 800210.25 181382.4 179901.9 190857.6 0 44288.1 28002.6 980239.05 1005365.25,1027022.85 1104008.85 1096437.15 1028884.05 1002510.0 821867.85 211521.15 201538.35 209131.2 44288.1 0 22651.65 1001896.65 1027022.85,1019430.0 1097219.7 1088844.3 1021291.2 994917.15 814275.0 200079.0 193966.65 207143.1 28002.6 22651.65 0 994303.8 1019430.0,36081.9 87074.55 102514.05 42553.8 2009.25 180028.8 823475.25 800337.15 818505.0 980239.05 1001896.65 994303.8 0 36081.9,0 55116.9 75019.05 32571.0 36695.25 205155.0 850906.8 825463.35 843631.2 1005365.25 1027022.85 1019430.0 36081.9 0
sailingTime:0 26.06 35.47 15.4 17.35 97.0 402.32 390.29 398.88 475.35 485.59 482.0 17.06 0,26.31 0 4.76 28.11 40.96 126.82 430.09 429.96 434.02 516.63 530.39 523.51 41.2 26.31,35.47 4.76 0 35.29 48.76 129.82 432.27 423.12 431.71 508.18 518.41 514.82 48.47 35.47,30.71 29.22 35.29 0 20.41 97.88 397.78 391.18 399.76 476.24 486.47 482.88 20.12 30.71,17.35 40.2 48.76 20.41 0 85.41 388.56 378.71 387.29 463.76 474.0 470.41 0.29 17.35,97.0 124.52 129.82 97.88 85.41 0 302.44 293.29 301.88 378.35 388.59 385.0 85.12 97.0,399.17 424.73 428.13 397.03 387.82 300.25 0 0.24 7.61 86.99 102.34 94.29 386.62 399.17,390.29 425.94 423.12 391.18 378.71 293.29 0.24 0 8.59 85.06 95.29 91.71 378.41 390.29,398.88 423.27 431.71 399.76 387.29 301.88 8.07 8.59 0 90.24 98.88 97.94 387.0 398.88,475.35 508.82 508.18 476.24 463.76 378.35 85.76 85.06 90.24 0 20.94 13.24 463.47 475.35,485.59 521.99 518.41 486.47 474.0 388.59 100.01 95.29 98.88 20.94 0 10.71 473.71 485.59,482.0 518.78 514.82 482.88 470.41 385.0 94.6 91.71 97.94 13.24 10.71 0 470.12 482.0,17.06 41.17 48.47 20.12 0.95 85.12 389.35 378.41 387.0 463.47 473.71 470.12 0 17.06,0 26.06 35.47 15.4 17.35 97.0 402.32 390.29 398.88 475.35 485.59 482.0 17.06 0
numOfDemands:52
demands:d1,d2,d3,d4,d5,d6,d7,d8,d9,d10,d11,d12,d13,d14,d15,d16,d17,d18,d19,d20,d21,d22,d23,d24,d25,d26,d27,d28,d29,d30,d31,d32,d33,d34,d35,d36,d37,d38,d39,d40,d41,d42,d43,d44,d45,d46,d47,d48,d49,d50,d51,d52
demandSource:3,3,3,3,3,3,1,1,5,5,5,8,8,8,7,7,7,7,7,11,11,11,11,11,11,11,11,11,12,12,13,13,13,9,9,9,10,10,10,10,10,10,10,10,10,10,6,6,6,4,4,4
demandDestination:8,7,11,12,9,10,11,10,7,11,10,3,11,10,3,11,13,10,6,3,1,5,8,13,9,10,6,4,3,10,7,11,10,3,11,10,3,1,5,8,7,11,13,9,6,4,7,11,10,7,11,10
demandAmount:192,145,2540,82,269,389,471,42,2,2376,175,51,96,19,39,7,7,1,5,355,265,60,73,599,62,26,144,214,31,3,1,986,71,18,21,2,69,1,1,13,5,14,47,1,1,5,33,90,11,8,213,50
demandRevenue:3252.47,2946.66666667,3043.28,3004.66,2914.58,2957.71,3158.29,2879.14,2900,3211.09,2951.56,722.38,736.35,584.76,770.222222222,410.0,1070,420,1130.0,789.86,1035.93059937,993.57,818.863636364,959.34,860.12987013,628.409090909,950.08,915.033557047,1361.03,1010,3150,2788.06,2982.26,1018.26086957,711.52,400,878.70,760.00,780,450.42,390,650.0,928.18,400,854.29,906.36,2855.33333333,2763.43,2684.52,2970,2742.90,2826.40
demandTransitTime:552,816,720,840,864,744,672,744,744,624,696,672,72,168,720,168,1032,144,528,744,672,696,168,768,336,216,504,792,960,408,600,672,744,624,144,240,840,1032,1032,120,192,216,984,144,792,840,576,600,648,720,768,792
capacity:15000
charterCost:385000.0
random:0
region_file:Sample_Data/lss_instances/src/Demand_WorldLarge.csv
region_fleet_file:Sample_Data/lss_instances/src/fleet_WorldLarge.csv
destination_path:Sample_Data/lss_instances/industrial
prefix:lss
general_fleet_file:Sample_Data/fleet_data.csv
distance_matrix:Sample_Data/dist_dense.csv
additional_distance_matrix:Sample_Data/distances.csv
use_real_world:True
use_additional_demand:False
real_world_source:Sample_Data/lss_instances/industrial/src/nobutterfly/tight/md2.csv
additional_demand_file:Sample_Data/generated_demands.csv
fix_fixedCostPerHour:400
fix_timeWindowLength:20
flag_subsetOfDemands:True
vesselClass:Super_panamax
designSpeed:17.0
designConsumption:126.9
demand_variation:h
transittime_variation:('nbtight', 1.0)
shuffled_time_windows:False
fix_variation:[1.0]
file:md2.csv
fix_numberOfInstancesPerScenario:1
seed:md2.csv