region:WorldLarge
percentageDemand:1.0
service:ABX
numOfPorts:11
ports:TWKHH,CNYTN,HKHKG,CNNGB,CNSHA,MXZLO,COBUN,PECLL,CLIQQ,CLSAI,TWKHH
timeWindowStart:0.0,34.41,50.7,107.87,128.63,72.62,38.63,128.87,13.63,76.1,0.0
timeWindowEnd:14.0,50.41,66.7,123.87,145.63,92.62,62.63,142.87,27.63,106.1,14.0
fixedSailingCost:0 43167.15 42553.8 61800.3 74638.35 948746.7 1147070.25 1220735.7 1289282.85 1278073.35 0,43167.15 0 613.35 85023.0 103127.4 992759.85 1172830.95 1245735.0 1309692.6 1269740.25 43167.15,42553.8 2009.25 0 87074.55 102514.05 988085.7 1172217.6 1245121.65 1309058.1 1269126.9 42553.8,59452.65 86630.4 87138.0 0 10067.4 913341.6 1181587.05 1250345.7 1315868.4 1307852.55 59452.65,74638.35 103127.4 102514.05 10067.4 0 911543.85 1091847.6 1164857.4 1245481.2 1258425.0 74638.35,969621.75 1009256.85 1009278.0 976453.2 979837.2 0 241131.15 313802.55 394130.25 483763.95 969621.75,1147070.25 1172830.95 1172217.6 1232072.1 1091847.6 245551.5 0 140097.6 222075.0 305300.25 1147070.25,1220735.7 1245735.0 1245121.65 1263860.55 1164857.4 312448.95 140097.6 0 81977.4 165223.8 1220735.7,1289282.85 1309692.6 1309058.1 1320479.1 1245481.2 388758.15 222075.0 81977.4 0 102514.05 1289282.85,1278073.35 1269740.25 1269126.9 1316502.9 1258425.0 479343.6 305300.25 165223.8 102514.05 0 1278073.35,0 43167.15 42553.8 61800.3 74638.35 948746.7 1147070.25 1220735.7 1289282.85 1278073.35 0
sailingTime:0 20.41 20.12 29.22 35.29 448.58 542.35 577.18 609.59 604.29 0,20.41 0 0.29 40.2 48.76 469.39 554.53 589.0 619.24 600.35 20.41,20.12 0.95 0 41.17 48.47 467.18 554.24 588.71 618.94 600.06 20.12,28.11 40.96 41.2 0 4.76 431.84 558.67 591.18 622.16 618.37 28.11,35.29 48.76 48.47 4.76 0 430.99 516.24 550.76 588.88 595.0 35.29,458.45 477.19 477.2 461.68 463.28 0 114.01 148.37 186.35 228.73 458.45,542.35 554.53 554.24 582.54 516.24 116.1 0 66.24 105.0 144.35 542.35,577.18 589.0 588.71 597.57 550.76 147.73 66.24 0 38.76 78.12 577.18,609.59 619.24 618.94 624.34 588.88 183.81 105.0 38.76 0 48.47 609.59,604.29 600.35 600.06 622.46 595.0 226.64 144.35 78.12 48.47 0 604.29,0 20.41 20.12 29.22 35.29 448.58 542.35 577.18 609.59 604.29 0
numOfDemands:34
demands:d1,d2,d3,d4,d5,d6,d7,d8,d9,d10,d11,d12,d13,d14,d15,d16,d17,d18,d19,d20,d21,d22,d23,d24,d25,d26,d27,d28,d29,d30,d31,d32,d33,d34
demandSource:10,10,10,5,5,5,5,5,2,2,2,7,7,7,7,7,7,3,3,3,6,6,6,6,6,6,8,8,8,8,8,1,1,1
demandDestination:5,6,8,9,10,7,6,8,7,6,8,5,2,3,6,8,1,7,6,8,10,5,7,3,8,1,10,5,7,3,1,7,6,8
demandAmount:314,34,4,132,276,2850,386,306,1082,382,46,260,24,368,12,68,216,878,90,88,4,34,28,78,4,8,18,330,104,34,34,226,14,18
demandRevenue:2104.65,840,410,3068.68,2447.18,3089.49,1680,2833.05,2970.85027726,1540,3538.69565217,1856.44,1498.33333333,2590.59,1040,1214.17,1872.12962963,3563.55,1560,3995.41,780,980,1060,1230,1150,1440,400,2419.20,1474.03846154,2082.60,3012.31,3450.80,1460,2598.00
demandTransitTime:960,360,480,816,1080,720,504,960,744,576,1296,792,672,864,144,240,816,720,600,1032,456,648,144,768,312,864,168,888,264,984,888,768,648,1104
capacity:15000
charterCost:385000.0
random:0
region_file:Sample_Data/lss_instances/src/Demand_WorldLarge.csv
region_fleet_file:Sample_Data/lss_instances/src/fleet_WorldLarge.csv
destination_path:Sample_Data/lss_instances/industrial
prefix:lss
general_fleet_file:Sample_Data/fleet_data.csv
distance_matrix:Sample_Data/dist_dense.csv
additional_distance_matrix:Sample_Data/distances.csv
use_real_world:True
use_additional_demand:False
real_world_source:Sample_Data/lss_instances/industrial/src/nobutterfly/tight/wsa.csv
additional_demand_file:Sample_Data/generated_demands.csv
fix_fixedCostPerHour:400
fix_timeWindowLength:20
flag_subsetOfDemands:True
vesselClass:Super_panamax
designSpeed:17.0
designConsumption:126.9
demand_variation:h
transittime_variation:('nbtight', 1.0)
shuffled_time_windows:False
fix_variation:[1.0]
file:wsa.csv
fix_numberOfInstancesPerScenario:1
seed:wsa.csv