region:WorldLarge
percentageDemand:1.0
service:ABX
numOfPorts:13
ports:KRPUS,CNSHA,CNNGB,CNSHK,HKHKG,SGSIN,BRRIO,BRSSZ,ARBUE,UYMVD,BRNVT,BRPNG,KRPUS
timeWindowStart:133.0,16.0,46.0,113.0,124.0,56.0,109.0,7.0,94.0,149.0,31.0,63.0,133.0
timeWindowEnd:146.0,37.0,59.0,120.0,137.0,78.0,124.0,34.0,136.0,158.0,54.0,78.0,146.0
fixedSailingCost:0 61081.2 62752.05 142995.15 142318.35 311285.7 1477221.75 1411699.05 1367030.25 1358570.25 1493993.7 1414194.75 0,61081.2 0 10067.4 96824.7 102514.05 274569.3 1435281.3 1372635.0 1380227.85 1371767.85 1452243.6 1381708.35 61081.2,62582.85 10067.4 0 89654.85 87138.0 268224.3 1425552.3 1440991.8 1473985.8 1459794.15 1442324.25 1446237.0 62582.85,144031.5 98643.6 91219.95 0 2622.6 187029.45 1349644.95 1364407.65 1398945.6 1384479.0 1366607.25 1372719.6 144031.5,142318.35 102514.05 87074.55 2622.6 0 180028.8 1348629.75 1284058.8 1317031.65 1309438.8 1365613.2 1291144.05 142318.35,311285.7 274569.3 263359.8 182968.65 180028.8 0 1187255.25 1121457.6 1153795.95 1146203.1 1195524.9 1127908.35 311285.7,1505626.2 1460830.5 1452159.0 1373269.5 1372571.55 1191654.45 0 23688.0 140732.1 126815.4 48391.2 41665.5 1505626.2,1411699.05 1372635.0 1468296.45 1391373.9 1284058.8 1121457.6 27960.3 0 123917.85 108372.6 27093.15 21403.8 1411699.05,1367030.25 1380227.85 1468444.5 1387482.3 1317031.65 1153795.95 140795.55 123917.85 0 15545.25 98707.05 111354.75 1367030.25,1358570.25 1371767.85 1455225.75 1374834.6 1309438.8 1146203.1 127323.0 108372.6 15545.25 0 82104.3 99151.2 1358570.25,1521171.45 1477919.7 1464912.45 1387989.9 1388476.35 1203583.05 50781.15 27093.15 100716.3 86101.65 0 10194.3 1521171.45,1414194.75 1381708.35 1478786.85 1401864.3 1291144.05 1127908.35 45366.75 21403.8 111354.75 99151.2 10194.3 0 1414194.75,0 61081.2 62752.05 142995.15 142318.35 311285.7 1477221.75 1411699.05 1367030.25 1358570.25 1493993.7 1414194.75 0
sailingTime:0 28.88 29.67 67.61 67.29 147.18 698.45 667.47 646.35 642.35 706.38 668.65 0,28.88 0 4.76 45.78 48.47 129.82 678.62 649.0 652.59 648.59 686.64 653.29 28.88,29.59 4.76 0 42.39 41.2 126.82 674.02 681.32 696.92 690.21 681.95 683.8 29.59,68.1 46.64 43.13 0 1.24 88.43 638.13 645.11 661.44 654.6 646.15 649.04 68.1,67.29 48.47 41.17 1.24 0 85.12 637.65 607.12 622.71 619.12 645.68 610.47 67.29,147.18 129.82 124.52 86.51 85.12 0 561.35 530.24 545.53 541.94 565.26 533.29 147.18,711.88 690.7 686.6 649.3 648.97 563.43 0 11.2 66.54 59.96 22.88 19.7 711.88,667.47 649.0 694.23 657.86 607.12 530.24 13.22 0 58.59 51.24 12.81 10.12 667.47,646.35 652.59 694.3 656.02 622.71 545.53 66.57 58.59 0 7.35 46.67 52.65 646.35,642.35 648.59 688.05 650.04 619.12 541.94 60.2 51.24 7.35 0 38.82 46.88 642.35,719.23 698.78 692.63 656.26 656.49 569.07 24.01 12.81 47.62 40.71 0 4.82 719.23,668.65 653.29 699.19 662.82 610.47 533.29 21.45 10.12 52.65 46.88 4.82 0 668.65,0 28.88 29.67 67.61 67.29 147.18 698.45 667.47 646.35 642.35 706.38 668.65 0
numOfDemands:14
demands:d1,d2,d3,d4,d5,d6,d7,d8,d9,d10,d11,d12,d13,d14
demandSource:9,12,8,8,8,8,2,5,1,6,6,6,6,10
demandDestination:6,6,2,5,1,6,8,8,8,9,12,8,10,6
demandAmount:170,238,110,222,98,282,1512,694,586,630,150,1068,92,158
demandRevenue:2387.14,2436.44,1787.87,2259.44,1824.82,2441.25,3150.16,3411.37,2827.18,3944.91,4066.66666667,4001.02,4009.56521739,1774.81
demandTransitTime:1032,1104,744,816,744,792,720,744,528,912,1056,792,960,960
capacity:15000.0
charterCost:385000.0
random:0
region_file:Sample_Data/lss_instances/src/Demand_WorldLarge.csv
region_fleet_file:Sample_Data/lss_instances/src/fleet_WorldLarge.csv
destination_path:Sample_Data/lss_instances/industrial
prefix:lss
general_fleet_file:Sample_Data/fleet_data.csv
distance_matrix:Sample_Data/dist_dense.csv
additional_distance_matrix:Sample_Data/distances.csv
use_real_world:True
use_additional_demand:False
real_world_source:Sample_Data/lss_instances/industrial/src/nobutterfly/aesa.csv
additional_demand_file:Sample_Data/generated_demands.csv
fix_fixedCostPerHour:400
fix_timeWindowLength:20
flag_subsetOfDemands:True
vesselClass:Super_panamax
designSpeed:17.0
designConsumption:126.9
demand_variation:h
transittime_variation:('nbcfeas', 1.0)
shuffled_time_windows:False
fix_variation:[1.0]
file:aesa.csv
fix_numberOfInstancesPerScenario:1
seed:aesa.csv