region:WorldLarge
percentageDemand:1.0
service:ABX
numOfPorts:12
ports:TWKHH,CNSHK,HKHKG,CNNGB,CNSHA,MXZLO,MXLZC,GTPRQ,COBUN,ECGYE,PECLL,TWKHH
timeWindowStart:110.0,151.0,11.0,73.0,102.0,40.0,76.0,140.0,60.0,144.0,71.0,110.0
timeWindowEnd:123.0,168.0,26.0,88.0,119.0,58.0,84.0,153.0,78.0,175.0,95.0,123.0
fixedSailingCost:0 44668.8 42553.8 61800.3 74638.35 948746.7 939440.7 1053333.45 1147070.25 1160014.05 1220735.7 0,44732.25 0 2622.6 91219.95 98643.6 991660.05 976326.3 1098509.85 1260878.4 1261364.85 1313563.05 44732.25,42553.8 2622.6 0 87074.55 102514.05 988085.7 964566.9 1095908.4 1172217.6 1182538.8 1245121.65 42553.8,59452.65 89654.85 87138.0 0 10067.4 913341.6 888088.5 1024950.15 1181587.05 1198443.6 1250345.7 59452.65,74638.35 96824.7 102514.05 10067.4 0 911543.85 884196.9 1020297.15 1091847.6 1103776.2 1164857.4 74638.35,969621.75 1012069.8 1009278.0 976453.2 979837.2 0 27325.8 100060.65 241131.15 241617.6 313802.55 969621.75,939440.7 977849.1 964566.9 942803.55 884196.9 29525.4 0 130707.0 207650.7 224190.0 294365.7 939440.7,1087554.15 1130911.65 1128458.25 1086369.75 1092186.0 101794.95 131151.15 0 141705.0 164779.65 247285.8 1087554.15,1147070.25 1292391.9 1172217.6 1232072.1 1091847.6 245551.5 207650.7 144031.5 0 71042.85 140097.6 1147070.25,1160014.05 1288013.85 1182538.8 1231204.95 1103776.2 242104.05 224190.0 164695.05 71042.85 0 87835.95 1160014.05,1220735.7 1325385.9 1245121.65 1263860.55 1164857.4 312448.95 294365.7 244684.35 140097.6 87835.95 0 1220735.7,0 44668.8 42553.8 61800.3 74638.35 948746.7 939440.7 1053333.45 1147070.25 1160014.05 1220735.7 0
sailingTime:0 21.12 20.12 29.22 35.29 448.58 444.18 498.03 542.35 548.47 577.18 0,21.15 0 1.24 43.13 46.64 468.87 461.62 519.39 596.16 596.39 621.07 21.15,20.12 1.24 0 41.17 48.47 467.18 456.06 518.16 554.24 559.12 588.71 20.12,28.11 42.39 41.2 0 4.76 431.84 419.9 484.61 558.67 566.64 591.18 28.11,35.29 45.78 48.47 4.76 0 430.99 418.06 482.41 516.24 521.88 550.76 35.29,458.45 478.52 477.2 461.68 463.28 0 12.92 47.31 114.01 114.24 148.37 458.45,444.18 462.34 456.06 445.77 418.06 13.96 0 61.8 98.18 106.0 139.18 444.18,514.21 534.71 533.55 513.65 516.4 48.13 62.01 0 67.0 77.91 116.92 514.21,542.35 611.06 554.24 582.54 516.24 116.1 98.18 68.1 0 33.59 66.24 542.35,548.47 608.99 559.12 582.13 521.88 114.47 106.0 77.87 33.59 0 41.53 548.47,577.18 626.66 588.71 597.57 550.76 147.73 139.18 115.69 66.24 41.53 0 577.18,0 21.12 20.12 29.22 35.29 448.58 444.18 498.03 542.35 548.47 577.18 0
numOfDemands:30
demands:d1,d2,d3,d4,d5,d6,d7,d8,d9,d10,d11,d12,d13,d14,d15,d16,d17,d18,d19,d20,d21,d22,d23,d24,d25,d26,d27,d28,d29,d30
demandSource:5,5,5,5,5,9,9,9,9,9,9,9,10,10,10,3,3,7,7,7,6,6,6,6,11,11,11,11,1,1
demandDestination:9,10,7,6,11,5,10,3,7,6,11,1,5,9,6,9,11,5,9,11,5,9,10,11,5,9,3,7,9,11
demandAmount:2850,112,1110,386,306,260,62,418,72,12,68,250,152,46,18,910,94,346,120,4,34,28,24,4,330,104,30,4,246,8
demandRevenue:3089.49,2426.97,1517.77,1680,2833.05,1856.44,1103.5483871,2484.57,669.52,1040,1214.17,2014.64,2240.26315789,893.46,810,3525.90,3986.72,1168.89,673.65,1270.00,980,1060,790,1150,2419.20,1474.03846154,2098.12,1580,3366.30,2682.00
demandTransitTime:720,864,528,504,960,792,216,888,96,144,240,816,744,96,312,720,1032,720,72,648,648,144,240,312,888,264,984,504,792,1272
capacity:15000
charterCost:385000.0
random:0
region_file:Sample_Data/lss_instances/src/Demand_WorldLarge.csv
region_fleet_file:Sample_Data/lss_instances/src/fleet_WorldLarge.csv
destination_path:Sample_Data/lss_instances/industrial
prefix:lss
general_fleet_file:Sample_Data/fleet_data.csv
distance_matrix:Sample_Data/dist_dense.csv
additional_distance_matrix:Sample_Data/distances.csv
use_real_world:True
use_additional_demand:False
real_world_source:Sample_Data/lss_instances/industrial/src/nobutterfly/wsa2.csv
additional_demand_file:Sample_Data/generated_demands.csv
fix_fixedCostPerHour:400
fix_timeWindowLength:20
flag_subsetOfDemands:True
vesselClass:Super_panamax
designSpeed:17.0
designConsumption:126.9
demand_variation:h
transittime_variation:('nbcfeas', 1.0)
shuffled_time_windows:False
fix_variation:[1.0]
file:wsa2.csv
fix_numberOfInstancesPerScenario:1
seed:wsa2.csv