region:WorldLarge
percentageDemand:1.0
service:ABX
numOfPorts:11
ports:CNXMN,CNNSA,HKHKG,CNYTN,SGSIN,EGSUZ,DEHAM,NLRTM,GBFXT,BEANR,CNXMN
timeWindowStart:0.0,38.04,53.61,74.56,14.97,5.41,93.42,152.48,26.6,58.89,0.0
timeWindowEnd:20.0,51.04,73.61,97.56,38.97,22.41,134.42,187.48,50.6,81.89,20.0
fixedSailingCost:0 38154.6 36081.9 36695.25 205155.0 850906.8 1271728.35 1239516.9 1234039.05 1239136.2 0,37562.4 0 5435.55 4970.25 188700.3 826161.3 1318702.5 1242816.3 1233087.3 1241568.45 37562.4,36081.9 5435.55 0 2009.25 180028.8 823475.25 1246602.15 1214390.7 1208912.85 1214010.0 36081.9,36695.25 4970.25 613.35 0 180642.15 821804.4 1247236.65 1215004.05 1209526.2 1214623.35 36695.25,205155.0 183074.4 180028.8 180642.15 0 639660.6 1066573.35 1034361.9 1028884.05 1033981.2 205155.0,844244.55 818018.55 817701.3 820239.3 635028.75 0 505506.15 421159.95 412551.9 422323.2 844244.55,1271728.35 1320056.1 1246602.15 1247236.65 1066573.35 499351.5 0 38196.9 51140.7 48031.65 1271728.35,1239516.9 1231141.5 1214390.7 1215004.05 1034361.9 414899.55 38196.9 0 15058.8 15058.8 1239516.9,1234039.05 1225663.65 1208912.85 1209526.2 1028884.05 406799.1 51140.7 15058.8 0 17533.35 1234039.05,1239136.2 1230105.15 1214010.0 1214623.35 1033981.2 410754.15 48031.65 15058.8 17533.35 0 1239136.2,0 38154.6 36081.9 36695.25 205155.0 850906.8 1271728.35 1239516.9 1234039.05 1239136.2 0
sailingTime:0 18.04 17.06 17.35 97.0 402.32 601.29 586.06 583.47 585.88 0,17.76 0 2.57 2.35 89.22 390.62 623.5 587.62 583.02 587.03 17.76,17.06 2.57 0 0.95 85.12 389.35 589.41 574.18 571.59 574.0 17.06,17.35 2.35 0.29 0 85.41 388.56 589.71 574.47 571.88 574.29 17.35,97.0 86.56 85.12 85.41 0 302.44 504.29 489.06 486.47 488.88 97.0,399.17 386.77 386.62 387.82 300.25 0 239.01 199.13 195.06 199.68 399.17,601.29 624.14 589.41 589.71 504.29 236.1 0 18.06 24.18 22.71 601.29,586.06 582.1 574.18 574.47 489.06 196.17 18.06 0 7.12 7.12 586.06,583.47 579.51 571.59 571.88 486.47 192.34 24.18 7.12 0 8.29 583.47,585.88 581.61 574.0 574.29 488.88 194.21 22.71 7.12 8.29 0 585.88,0 18.04 17.06 17.35 97.0 402.32 601.29 586.06 583.47 585.88 0
numOfDemands:28
demands:d1,d2,d3,d4,d5,d6,d7,d8,d9,d10,d11,d12,d13,d14,d15,d16,d17,d18,d19,d20,d21,d22,d23,d24,d25,d26,d27,d28
demandSource:10,10,1,1,4,4,7,7,6,6,6,6,6,6,9,9,3,3,8,8,8,8,8,5,5,5,5,5
demandDestination:6,5,6,8,6,8,6,5,10,1,9,3,8,5,6,5,6,8,1,4,6,3,5,10,7,6,9,8
demandAmount:35,2,46,534,96,3146,4,277,2,40,84,15,10,9,23,146,78,978,187,120,74,726,1594,6,503,57,1354,3116
demandRevenue:970.27027027,942.00,2869.30232558,3158.29,2889.32692308,3211.09,850.0,964.78,990,750.487804878,818.269230769,1000.0,920.0,1107.27272727,996.206896552,1026.76,2834.79166667,2788.06,1035.93,993.57,844.411764706,959.34,1026.91,3331.66666667,3002.10,2816.61538462,3029.96,3037.48
demandTransitTime:144,696,648,768,1464,720,528,792,552,744,168,768,312,504,264,816,720,768,792,792,312,864,696,840,912,552,696,672
capacity:15000
charterCost:385000.0
random:0
region_file:Sample_Data/lss_instances/src/Demand_WorldLarge.csv
region_fleet_file:Sample_Data/lss_instances/src/fleet_WorldLarge.csv
destination_path:Sample_Data/lss_instances/industrial
prefix:lss
general_fleet_file:Sample_Data/fleet_data.csv
distance_matrix:Sample_Data/dist_dense.csv
additional_distance_matrix:Sample_Data/distances.csv
use_real_world:True
use_additional_demand:False
real_world_source:Sample_Data/lss_instances/industrial/src/nobutterfly/tight/ne7.csv
additional_demand_file:Sample_Data/generated_demands.csv
fix_fixedCostPerHour:400
fix_timeWindowLength:20
flag_subsetOfDemands:True
vesselClass:Super_panamax
designSpeed:17.0
designConsumption:126.9
demand_variation:h
transittime_variation:('nbtight', 1.0)
shuffled_time_windows:False
fix_variation:[1.0]
file:ne7.csv
fix_numberOfInstancesPerScenario:1
seed:ne7.csv