region:WorldLarge
percentageDemand:1.0
service:ABX
numOfPorts:12
ports:NLRTM,GBTIL,DEBRV,BEANR,ESALG,BRSSZ,BRPNG,BRITJ,ARBUE,UYMVD,BRRIG,NLRTM
timeWindowStart:0.0,33.88,79.57,123.16,60.57,165.33,21.45,110.39,12.57,50.92,78.33,0.0
timeWindowEnd:24.0,57.88,103.57,147.16,78.57,179.33,36.45,126.39,43.57,59.92,107.33,24.0
fixedSailingCost:0 20896.2 31851.9 15058.8 172562.85 674811.9 692599.05 699324.75 790756.2 777072.15 747102.6 0,19500.3 0 45874.35 20261.7 151539.75 692429.85 710386.2 715250.7 807274.35 792490.5 756895.05 19500.3,31851.9 47227.95 0 41432.85 197815.95 700065.0 717852.15 724577.85 816009.3 802325.25 772355.7 31851.9,15058.8 19859.85 41432.85 0 172182.15 674685.0 692218.35 698944.05 790396.65 776712.6 746721.9 15058.8,172562.85 154818.0 197815.95 172182.15 0 538817.4 555504.75 570309.75 660006.9 647190.0 613730.7 172562.85,674811.9 684710.1 700065.0 674685.0 538817.4 0 21403.8 134979.3 123917.85 108372.6 74892.15 674811.9,692599.05 702920.25 717852.15 692218.35 555504.75 21403.8 0 156383.1 111354.75 99151.2 96295.95 692599.05,699324.75 706600.35 724577.85 698944.05 570309.75 134979.3 156383.1 0 114590.7 99024.3 60087.15 699324.75,790756.2 793378.8 816009.3 790396.65 660006.9 123917.85 111354.75 114590.7 0 15545.25 54482.4 790756.2,777072.15 781429.05 802325.25 776712.6 647190.0 108372.6 99151.2 99024.3 15545.25 0 38937.15 777072.15,747102.6 746298.9 772355.7 746721.9 613730.7 74892.15 96295.95 60087.15 54482.4 38937.15 0 747102.6,0 20896.2 31851.9 15058.8 172562.85 674811.9 692599.05 699324.75 790756.2 777072.15 747102.6 0
sailingTime:0 9.88 15.06 7.12 81.59 319.06 327.47 330.65 373.88 367.41 353.24 0,9.22 0 21.69 9.58 71.65 327.39 335.88 338.18 381.69 374.7 357.87 9.22,15.06 22.33 0 19.59 93.53 331.0 339.41 342.59 385.82 379.35 365.18 15.06,7.12 9.39 19.59 0 81.41 319.0 327.29 330.47 373.71 367.24 353.06 7.12,81.59 73.2 93.53 81.41 0 254.76 262.65 269.65 312.06 306.0 290.18 81.59,319.06 323.74 331.0 319.0 254.76 0 10.12 63.82 58.59 51.24 35.41 319.06,327.47 332.35 339.41 327.29 262.65 10.12 0 73.94 52.65 46.88 45.53 327.47,330.65 334.09 342.59 330.47 269.65 63.82 73.94 0 54.18 46.82 28.41 330.65,373.88 375.12 385.82 373.71 312.06 58.59 52.65 54.18 0 7.35 25.76 373.88,367.41 369.47 379.35 367.24 306.0 51.24 46.88 46.82 7.35 0 18.41 367.41,353.24 352.86 365.18 353.06 290.18 35.41 45.53 28.41 25.76 18.41 0 353.24,0 9.88 15.06 7.12 81.59 319.06 327.47 330.65 373.88 367.41 353.24 0
numOfDemands:18
demands:d1,d2,d3,d4,d5,d6,d7,d8,d9,d10,d11,d12,d13,d14,d15,d16,d17,d18
demandSource:9,4,8,7,11,6,6,6,6,3,5,1,1,1,1,1,1,10
demandDestination:1,6,1,1,1,4,3,5,1,6,6,9,8,7,11,6,10,1
demandAmount:308,14,344,166,614,14,238,132,1442,136,108,172,14,18,20,532,34,192
demandRevenue:1883.47,1872.11,1999.10,1939.56,1935.92,2174.17,2542.22,2133.91,2041.66,2187.97,1880.53,1872.55,1935.71428571,1904.44444444,1889.29,1998.19,1841.30,1940.81
demandTransitTime:624,624,648,696,360,456,480,288,360,552,432,648,504,576,600,408,528,600
capacity:15000.0
charterCost:385000.0
random:0
region_file:Sample_Data/lss_instances/src/Demand_WorldLarge.csv
region_fleet_file:Sample_Data/lss_instances/src/fleet_WorldLarge.csv
destination_path:Sample_Data/lss_instances/industrial
prefix:lss
general_fleet_file:Sample_Data/fleet_data.csv
distance_matrix:Sample_Data/dist_dense.csv
additional_distance_matrix:Sample_Data/distances.csv
use_real_world:True
use_additional_demand:False
real_world_source:Sample_Data/lss_instances/industrial/src/nobutterfly/tight/ese.csv
additional_demand_file:Sample_Data/generated_demands.csv
fix_fixedCostPerHour:400
fix_timeWindowLength:20
flag_subsetOfDemands:True
vesselClass:Super_panamax
designSpeed:17.0
designConsumption:126.9
demand_variation:h
transittime_variation:('nbtight', 1.0)
shuffled_time_windows:False
fix_variation:[1.0]
file:ese.csv
fix_numberOfInstancesPerScenario:1
seed:ese.csv